45 7
10.67 7.11 0.91 16.71 6.04 57.24 1.32
10.08 6.79 1.71 16.26 5.90 56.86 2.40
3.70 2.47 1.23 25.93 2.47 64.20 0.00
14.31 9.19 1.94 28.27 8.13 36.04 2.12
3.23 1.08 1.08 29.03 2.15 63.44 0.00
2.36 0.79 0.52 25.72 0.52 69.82 0.26
13.75 9.82 1.96 24.75 11.98 34.18 3.54
1.19 0.00 0.40 21.43 1.98 74.21 0.79
14.78 7.26 2.69 26.61 10.75 35.22 2.69
0.54 0.98 0.22 24.21 0.11 73.62 0.33
17.20 9.47 1.87 21.73 9.87 36.67 3.20
10.06 12.43 2.37 23.67 12.43 37.87 1.18
13.78 9.34 1.68 25.11 9.80 37.37 2.91
0.85 0.71 0.28 24.96 0.56 72.50 0.14
18.02 8.71 2.10 26.43 9.91 32.43 2.40
15.96 9.64 2.01 22.69 9.24 36.95 3.51
3.07 2.50 0.58 25.72 0.77 67.18 0.19
1.33 0.88 0.11 24.34 2.21 71.02 0.11
16.25 9.05 2.84 25.63 9.71 33.15 3.38
12.70 7.94 0.79 24.60 15.08 32.54 6.35
14.73 9.45 0.18 25.45 7.82 37.82 4.55
0.35 1.39 0.69 25.00 0.35 72.22 0.00
8.02 5.73 1.53 17.18 6.49 60.31 0.76
13.99 7.77 2.07 23.83 11.40 37.65 3.28
3.05 0.55 0.14 26.87 0.83 68.01 0.55
13.35 10.96 0.80 26.69 12.15 33.86 2.19
13.33 15.24 2.54 21.27 9.21 34.92 3.49
7.63 5.10 0.82 12.46 5.21 67.51 1.26
16.42 10.22 1.82 22.63 12.04 33.39 3.47
3.51 1.00 0.75 27.32 0.75 66.67 0.00
14.29 9.52 1.86 25.05 10.35 35.20 3.73
11.65 4.82 2.01 18.88 7.63 52.61 2.41
13.16 11.28 3.01 24.44 12.03 32.33 3.76
0.13 0.78 0.39 23.28 1.17 73.99 0.26
0.51 1.03 1.03 27.18 1.03 68.72 0.51
14.89 9.24 1.52 25.22 10.87 33.70 4.57
17.46 9.66 3.22 23.90 8.98 34.75 2.03
13.91 13.53 1.88 24.25 8.08 34.77 3.57
14.40 9.89 1.65 25.16 9.56 36.37 2.97
15.88 12.42 2.57 25.28 10.40 30.87 2.57
1.94 1.77 0.00 28.87 0.97 66.29 0.16
14.07 8.89 2.22 22.22 17.04 31.11 4.44
6.45 3.90 0.78 12.48 4.26 70.78 1.35
15.13 8.79 1.02 23.31 10.43 37.42 3.89
15.21 10.84 2.27 21.68 11.49 34.63 3.88
